1KS,1KS16CS001,6.71,53,51,79,63,64,48,57,100
1KS,1KS16CS002,6.57,73,58,58,53,59,47,95,74
1KS,1KS16CS003,4.36,51,42,58,50,37,38,84,72
1KS,1KS16CS004,9.0,98,74,80,86,72,80,96,100
1KS,1KS16CS005,7.71,69,82,82,63,48,70,90,75
1KS,1KS16CS006,6.36,63,64,50,53,45,53,55,80
1KS,1KS16CS007,6.71,76,46,72,67,45,46,89,89
1KS,1KS16CS008,7.86,80,75,78,62,52,63,97,92
1KS,1KS16CS009,5.5,47,48,45,41,48,55,70,88
1KS,1KS16CS010,7.14,70,61,79,48,55,58,90,95
1KS,1KS16CS011,7.57,73,68,79,55,56,72,98,100
1KS,1KS16CS012,5.36,62,50,67,44,31,58,57,88
1KS,1KS16CS013,7.29,75,62,70,49,61,54,95,100
1KS,1KS16CS014,6.14,53,44,53,48,64,50,78,96
1KS,1KS16CS015,6.79,66,56,68,61,47,69,93,67
1KS,1KS16CS016,4.93,42,46,43,54,48,42,57,60
1KS,1KS16CS017,8.14,92,69,71,68,67,70,95,98
1KS,1KS16CS018,3.86,41,34,51,54,30,44,53,77
1KS,1KS16CS019,6.14,61,46,64,45,48,56,62,81
1KS,1KS16CS020,7.71,75,55,68,75,61,79,96,100
1KS,1KS16CS021,7.29,50,60,70,59,60,60,92,100
1KS,1KS16CS022,7.0,63,53,66,45,57,83,73,98
1KS,1KS16CS023,7.29,74,66,67,62,50,68,90,75
1KS,1KS16CS024,7.86,86,70,59,62,64,80,71,93
1KS,1KS16CS025,7.14,95,64,67,47,56,59,90,73
1KS,1KS16CS026,4.71,35,52,42,50,52,45,55,50
1KS,1KS16CS027,5.07,46,52,32,62,50,49,53,68
1KS,1KS16CS028,0,0,0,0,0,0,0,0,0
1KS,1KS16CS029,7.71,75,68,78,59,66,72,90,97
1KS,1KS16CS030,5.29,48,56,48,55,37,52,89,81
1KS,1KS16CS031,8.29,91,85,63,83,68,58,98,100
1KS,1KS16CS032,7.07,71,58,56,66,52,60,92,88
1KS,1KS16CS033,7.29,92,75,64,46,49,59,98,95
1KS,1KS16CS034,5.43,53,52,61,40,59,33,92,72
1KS,1KS16CS035,4.86,43,52,41,47,47,43,54,57
1KS,1KS16CS036,7.79,91,76,67,59,62,63,86,92
1KS,1KS16CS037,8.29,83,70,74,68,78,77,95,100
1KS,1KS16CS038,6.93,71,55,72,45,59,58,89,98
1KS,1KS16CS039,6.29,67,49,57,65,57,45,59,95
1KS,1KS16CS040,6.64,63,52,70,51,46,65,51,80
1KS,1KS16CS041,7.93,83,59,74,56,70,80,98,85
1KS,1KS16CS042,0,0,0,0,0,0,0,0,0
1KS,1KS16CS043,1.71,33,20,35,23,34,41,55,90
1KS,1KS16CS044,7.29,81,72,69,41,56,67,92,94
1KS,1KS16CS045,3.36,41,29,49,41,35,40,59,62
1KS,1KS16CS046,7.93,82,80,66,69,62,63,96,80
1KS,1KS16CS047,6.57,66,46,67,50,57,47,92,97
1KS,1KS16CS048,6.36,60,59,53,53,50,46,60,98
1KS,1KS16CS049,8.71,91,76,88,71,75,75,98,100
1KS,1KS16CS050,0,0,0,0,0,0,0,0,0
1KS,1KS16CS051,5.07,65,49,50,48,41,38,88,78
1KS,1KS16CS052,5.29,58,55,43,41,44,43,88,80
1KS,1KS16CS053,8.43,84,72,70,71,80,63,97,100
1KS,1KS16CS054,8.29,80,79,71,72,63,82,96,78
1KS,1KS16CS055,7.43,82,73,53,55,63,61,93,78
1KS,1KS16CS056,5.93,63,46,57,41,47,60,71,66
1KS,1KS16CS057,2.93,43,41,33,40,28,27,93,60
1KS,1KS16CS058,6.21,73,63,59,42,47,46,70,86
1KS,1KS16CS059,0,0,0,0,0,0,0,0,0
1KS,1KS16CS060,7.36,90,59,67,58,66,66,88,70
1KS,1KS16CS061,8.71,90,67,86,83,60,81,100,95
1KS,1KS16CS062,5.71,59,59,50,54,42,46,73,56
1KS,1KS16CS063,7.14,80,58,81,56,45,57,95,70
1KS,1KS16CS064,6.14,50,55,47,54,47,59,93,77
1KS,1KS16CS065,4.86,50,42,61,40,43,52,12,57
1KS,1KS16CS066,7.57,81,72,61,51,52,69,94,98
1KS,1KS16CS067,7.0,74,76,69,42,51,54,94,94
1KS,1KS16CS068,0,0,0,0,0,0,0,0,0
1KS,1KS16CS069,3.07,20,49,46,40,31,27,76,61
1KS,1KS16CS070,6.0,48,62,56,43,48,71,52,79
1KS,1KS16CS071,6.57,67,63,54,43,45,68,92,96
1KS,1KS16CS072,7.36,60,70,74,50,58,64,93,82
1KS,1KS16CS073,7.57,77,83,59,64,59,72,95,75
1KS,1KS16CS074,6.29,65,59,66,63,38,64,93,97
1KS,1KS16CS075,0,0,0,0,0,0,0,0,0
1KS,1KS16CS076,6.5,63,59,58,53,60,48,81,74
1KS,1KS16CS077,6.86,81,79,53,64,33,72,94,94
1KS,1KS16CS078,4.79,43,69,54,41,45,36,87,50
1KS,1KS16CS079,7.36,76,62,69,62,46,71,93,88
1KS,1KS16CS080,0,0,0,0,0,0,0,0,0
1KS,1KS16CS081,6.29,45,63,45,48,52,75,91,52
1KS,1KS16CS082,6.86,54,65,71,51,46,60,92,79
1KS,1KS16CS083,8.71,95,65,91,65,72,88,99,99
1KS,1KS16CS084,8.14,96,75,74,67,58,74,92,98
1KS,1KS16CS085,1.29,24,33,31,22,28,42,48,47
1KS,1KS16CS086,8.14,82,74,61,61,63,82,94,97
1KS,1KS16CS087,6.36,67,62,44,43,56,70,91,69
1KS,1KS16CS088,7.43,73,54,71,60,57,74,95,78
1KS,1KS16CS089,6.86,54,58,69,64,62,52,94,74
1KS,1KS16CS090,3.29,25,36,53,48,42,37,90,52
1KS,1KS16CS091,7.0,74,56,59,54,54,70,94,71
1KS,1KS16CS092,7.43,69,64,66,72,67,53,94,97
1KS,1KS16CS093,6.71,79,53,70,44,58,54,94,77
1KS,1KS16CS094,7.5,76,69,67,62,51,76,94,81
1KS,1KS16CS095,8.0,87,66,81,69,61,64,94,96
1KS,1KS16CS096,7.0,62,61,55,60,46,61,98,90
1KS,1KS16CS098,7.07,78,63,56,56,58,65,98,82
1KS,1KS16CS099,3.79,44,32,69,41,41,25,82,56
1KS,1KS16CS100,8.29,82,77,70,71,53,87,94,93
1KS,1KS16CS101,6.57,68,61,60,43,48,59,94,97
1KS,1KS16CS102,4.86,34,43,48,56,55,44,94,71
1KS,1KS16CS103,6.21,50,44,57,45,52,67,80,92
1KS,1KS16CS104,6.86,63,56,72,54,45,50,94,95
1KS,1KS16CS105,8.0,85,66,58,70,61,86,94,96
1KS,1KS16CS106,5.86,46,60,65,41,50,44,90,59
1KS,1KS16CS107,7.07,55,57,72,64,59,72,74,86
1KS,1KS16CS108,5.93,65,51,45,62,42,52,67,58
1KS,1KS16CS109,8.29,86,81,70,54,72,71,94,94
1KS,1KS16CS111,3.21,32,52,43,40,24,31,84,70
1KS,1KS16CS112,6.07,59,48,60,49,55,53,70,64
1KS,1KS16CS113,6.0,57,60,53,49,43,45,94,75
1KS,1KS16CS114,7.36,56,64,70,62,60,69,91,88
1KS,1KS16CS115,5.57,58,56,63,47,38,57,88,87
1KS,1KS16CS116,8.21,82,80,91,72,56,55,94,87
1KS,1KS16CS117,8.29,94,73,66,55,82,79,95,97
1KS,1KS16CS118,6.43,73,54,60,41,45,48,94,93
1KS,1KS16CS119,8.29,80,86,74,53,75,76,94,97
1KS,1KS16CS120,4.0,32,41,57,49,50,34,59,77
1KS,1KS16CS121,2.36,49,29,35,40,29,34,68,73
1KS,1KS16CS122,2.21,27,30,37,42,33,41,77,62
