 A SHOBHARAJ,1VI16IS001,2.21,35,40,45,32,30,30,66,55
 AISHWARYA J REDDY,1VI16IS002,5.36,43,45,49,44,53,57,88,55
 AKSHATA NILO GAONKAR,1VI16IS003,7.57,76,69,72,60,60,57,99,91
 ANSUMAN MANGARAJ,1VI16IS006,7.36,82,68,74,63,54,49,96,80
 ANUPAMA J R,1VI16IS007,6.14,60,62,58,44,54,42,96,71
 ANUTH H L,1VI16IS008,6.36,73,53,46,43,43,71,91,80
 ARCHANA S,1VI16IS009,5.64,52,56,53,48,45,44,87,54
 AYESHA G S,1VI16IS010,5.5,50,57,49,49,48,42,73,69
 B  NIKHIL,1VI16IS011,3.64,54,41,33,36,40,40,85,55
 BHARATH KUMAR AGASTHYA K A,1VI16IS012,4.21,40,42,52,41,26,40,87,55
 BHARGAVA H V,1VI16IS013,5.79,65,58,69,34,48,55,83,95
 BOMMANAPALLI SRINIVASA YADAV,1VI16IS014,4.0,50,42,52,34,40,33,92,53
 BRINDA R,1VI16IS015,5.07,58,44,36,54,44,59,93,84
 BRUNDA SREE T,1VI16IS016,5.71,53,50,50,49,45,40,82,64
 BUVISHREE R,1VI16IS017,5.79,40,45,61,46,52,45,73,88
 C NAVEEN,1VI16IS018,2.5,40,44,26,26,24,40,57,49
 CHAITHRA PS,1VI16IS019,6.71,66,55,64,47,60,54,96,79
 CHANDANA C,1VI16IS020,2.5,31,40,43,40,31,30,54,49
 CHETHAN KS,1VI16IS021,5.64,52,50,54,44,53,44,89,51
 DANIEL D,1VI16IS022,3.79,45,55,48,23,44,33,67,57
 DEEKSHA R,1VI16IS023,6.86,68,69,51,53,72,58,96,54
 DEEKSHA S,1VI16IS024,2.14,28,35,21,36,40,45,68,49
 DEEPIKA V,1VI16IS025,3.43,53,31,51,46,37,32,66,69
 DEEPTHI R J,1VI16IS026,6.64,78,58,63,70,43,66,67,54
 DHRUTHI HL,1VI16IS027,4.07,50,55,34,44,40,36,78,81
 FARHEEN F,1VI16IS029,7.86,61,68,82,65,70,65,100,97
 FAYIZA AMIR,1VI16IS030,7.0,64,55,54,50,63,67,94,90
 G HEMAVATHI,1VI16IS031,7.0,45,70,50,73,58,52,98,92
 GAGANDEEP REDDY G,1VI16IS032,4.93,41,40,40,50,42,42,62,90
 GAYANA N S,1VI16IS033,5.86,50,52,46,47,46,43,98,96
 GOWTHAMI D,1VI16IS034,4.29,35,41,53,47,40,40,68,60
 GOWTHAMI V,1VI16IS035,5.0,49,44,49,43,47,40,88,69
 GYANENDRA D,1VI16IS037,5.0,40,47,48,46,41,51,65,47
 H KINZA FATHIMA,1VI16IS038,3.21,35,50,67,44,33,29,48,54
 HARINI P,1VI16IS039,7.21,75,67,76,45,51,61,99,85
 HARSHA S,1VI16IS040,5.71,55,48,45,50,45,48,89,65
 HARSHITHA S,1VI16IS041,4.29,56,46,64,35,38,47,89,49
 HEMAVATHI M,1VI16IS042,5.36,59,53,41,45,43,44,89,71
 HUDA KAUSAR,1VI16IS043,3.86,54,43,40,40,42,27,47,47
 J L MADHUSHREE,1VI16IS044,4.86,40,50,50,41,32,50,90,58
 J MOHAN REDDY,1VI16IS045,4.93,54,50,45,42,29,57,94,47
 JAGAN PS,1VI16IS046,6.5,70,57,52,44,54,56,96,81
 JAYASUDHA N,1VI16IS047,6.5,69,52,60,48,62,55,89,55
 KALAHASTHI THARUNI,1VI16IS048,3.5,29,42,35,40,42,40,87,75
 KANCHANA R S,1VI16IS049,6.14,55,57,65,53,49,56,66,65
 KANDULA BAJISWARAREDDY,1VI16IS050,6.5,66,41,68,53,54,78,60,71
 KEERTHI KUMAR A,1VI16IS051,6.86,79,65,65,54,48,51,94,74
 KRUPA DEEKSHA G,1VI16IS052,6.5,53,62,55,53,57,45,90,86
 KSHEMA K A,1VI16IS053,3.71,40,42,40,39,30,64,87,47
 LAVANYA D S,1VI16IS054,4.29,40,40,50,53,47,28,47,48
 LIKITHA S,1VI16IS055,2.93,34,40,41,48,36,37,87,54
 MADHAVI R C,1VI16IS056,5.86,68,63,54,44,55,43,88,49
 MADHU SHREE T,1VI16IS057,6.64,72,63,48,60,46,64,88,58
 MADHUKARA H T,1VI16IS058,5.29,48,48,45,59,47,46,57,51
 MAHALAKSHMI M B,1VI16IS059,5.93,48,45,65,48,56,56,86,54
 MANAR UL IMAAN,1VI16IS060,6.29,78,59,55,64,41,49,75,77
 MANJUNATH H MALI,1VI16IS061,6.57,51,47,57,51,75,57,84,81
 MEGHA,1VI16IS062,6.21,62,59,51,57,47,42,91,86
 MONIKA C N,1VI16IS063,5.14,40,45,54,41,42,42,90,74
 MOUNIKA H M,1VI16IS064,5.43,52,62,49,42,42,52,64,49
 MUSKAAN,1VI16IS065,3.57,24,54,43,41,42,33,79,51
 NAGASHREE K N,1VI16IS066,8.29,86,69,72,70,80,65,95,100
 NAGENDRA A,1VI16IS067,5.07,45,48,47,41,48,40,75,68
 NAVEEN M,1VI16IS068,3.86,40,34,60,32,40,41,68,86
 NIKITA BAADKAR,1VI16IS070,7.43,52,65,74,66,60,60,94,95
 NIRANJAN NAGESH DEVADIGA,1VI16IS071,7.57,77,67,76,51,60,63,90,91
 P DIWAKAR REDDY,1VI16IS072,6.29,65,48,45,49,59,57,90,90
 PARIMALA J,1VI16IS073,6.57,61,51,57,47,55,62,76,91
 PARVATHY V,1VI16IS074,7.86,76,60,65,79,62,79,91,97
 PAVAN D,1VI16IS075,5.43,44,50,70,60,48,35,89,60
 PAVITHRA A,1VI16IS076,4.07,50,46,41,30,40,29,81,93
 PAVITHRA N S,1VI16IS077,2.57,37,54,36,32,40,29,89,61
 POOJA T,1VI16IS078,6.71,54,50,50,54,53,68,92,95
 POOJA V,1VI16IS079,6.71,62,58,63,69,45,48,91,94
 PRAJWAL K,1VI16IS080,6.57,66,57,64,60,46,59,90,53
 PRAVEEN KUMAR SHUKLA,1VI16IS081,7.64,72,64,77,52,64,70,91,87
 PREETHI A,1VI16IS082,6.93,52,70,58,51,64,63,89,73
 PREETHI D,1VI16IS083,7.5,65,71,65,61,77,58,92,85
 PRIYANKA A M,1VI16IS084,7.57,63,72,61,62,73,65,88,84
 PRIYANKA P,1VI16IS085,3.29,46,42,42,40,24,35,54,52
 R VIGNESH,1VI16IS086,4.57,43,28,50,44,49,46,62,85
 RAJASHREE DASHARATH HEBBARE,1VI16IS087,6.14,48,59,61,60,40,50,68,81
 RAKSHITA R,1VI16IS088,5.21,55,53,58,56,36,51,67,54
 RANJITHA J,1VI16IS089,6.79,65,63,72,64,44,54,94,68
 RANJITHA S,1VI16IS090,3.07,28,48,30,44,47,30,62,77
 REVANTH M,1VI16IS091,2.64,27,41,33,44,40,27,78,46
 SAADHANA REDDY K,1VI16IS092,6.43,49,49,69,58,50,53,91,90
 SABHA ZAINAB,1VI16IS093,1.43,26,30,40,34,34,24,54,54
 SANDHYA G,1VI16IS095,5.57,45,47,53,50,41,58,79,52
 SANJANA RAVICHANDRAN,1VI16IS096,5.36,57,57,45,52,45,32,93,80
 SANTHOSH K,1VI16IS097,3.93,57,46,40,35,29,41,89,75
 SHARATH KUMAR D,1VI16IS099,5.71,30,56,64,68,45,49,94,93
 SHARMADA MANOJ,1VI16IS100,6.64,62,66,51,57,57,46,90,81
 SHASHANK G P,1VI16IS101,4.79,43,42,40,45,47,42,68,78
 SHRESHTA C,1VI16IS103,6.43,60,48,54,56,48,60,91,76
 SHRUJANA G R,1VI16IS104,3.93,36,45,40,47,31,50,59,80
 SHWETA GUPTA,1VI16IS105,7.0,58,73,66,59,60,49,94,92
 SINCHANA V,1VI16IS106,6.21,63,56,46,52,49,54,67,91
 SINDHU V,1VI16IS107,6.71,59,58,64,66,59,64,66,81
 SMITHARARADHYA,1VI16IS108,6.64,75,54,56,46,64,45,87,90
 SNEHA P,1VI16IS109,6.21,59,60,64,45,57,47,54,86
 SNEHA R,1VI16IS110,6.36,55,58,60,49,66,48,89,76
 SOHAIL S,1VI16IS111,7.0,56,69,54,64,67,52,94,100
 SOUMYA GAJANAN PAWAR,1VI16IS112,5.29,42,45,49,46,42,47,93,70
 SOURABHA K N,1VI16IS113,7.0,76,78,60,43,59,61,91,76
 SRI KARTHIK TS,1VI16IS115,6.36,48,51,71,40,60,68,69,77
 SUJAY M,1VI16IS116,2.64,31,40,40,41,23,24,83,44
 SUJITH R,1VI16IS117,4.64,54,50,48,31,46,44,54,68
 SUPRITHA G,1VI16IS118,4.86,45,53,42,53,47,36,77,70
 SYEDA ROOHI FATEMA,1VI16IS119,5.93,50,57,57,52,59,42,64,71
 V C POOJA,1VI16IS120,6.29,49,48,62,72,48,48,92,73
 VEENA G K,1VI16IS121,3.07,29,65,33,44,41,32,54,63
 VIKAS H K,1VI16IS122,1.64,24,40,34,29,32,28,82,53
 VINITH KUMAR R,1VI16IS124,5.79,44,46,53,50,60,42,89,75
 BOMMANAPALLI SRIHARI YADAV,1VI16IS127,5.43,47,57,54,34,53,50,91,75
 ARCHANA K,1VI16CS004,7.0,54,70,69,44,51,81,95,74
 B MEGHANA,1VI16CS005,8.14,85,79,73,72,69,75,100,78
 BHARANI PRABHAKAR,1VI16CS006,5.5,47,49,51,42,51,43,94,68
 BHARGAVI B,1VI16CS007,8.21,86,85,61,70,62,82,100,65
 BHAVANA B,1VI16CS008,3.93,49,46,36,44,36,46,96,68
 BINDHIYA REDDY N V,1VI16CS009,6.0,70,47,75,49,43,47,76,57
 BINDHU SK,1VI16CS010,8.29,93,59,71,81,70,63,100,91
 CHANDANA R,1VI16CS011,7.57,78,69,56,74,70,69,98,73
 DARSHAN CHANDRA,1VI16CS013,5.43,44,40,53,65,54,40,61,63
 DHARMANANDA G,1VI16CS015,6.71,76,59,51,57,50,59,83,88
 DIVITH K,1VI16CS016,5.93,61,61,64,36,51,49,96,86
 DUSHYANTH KUMAR K M,1VI16CS017,3.64,26,28,57,40,42,43,84,53
 EZHIL MARAN,1VI16CS018,6.14,62,57,74,41,47,42,97,70
 GANESH PRASAD B G,1VI16CS019,7.43,74,60,63,69,66,58,97,98
 GEETHA R,1VI16CS020,6.93,56,65,74,60,67,48,94,68
 GULSHAN KUMAR,1VI16CS021,4.21,57,52,33,40,25,51,95,45
 HARSHITHA M N,1VI16CS022,6.86,69,68,61,55,59,60,95,58
 HARSHITHA REDDY P,1VI16CS023,4.36,57,54,36,40,35,46,96,84
 J DIVYA,1VI16CS024,7.36,71,65,58,66,52,72,98,86
 JAYANTH,1VI16CS025,7.71,70,54,82,68,63,64,98,98
 JEMINA MARY F,1VI16CS026,6.0,46,48,57,60,53,43,93,79
 JESHRITHA KUMAR,1VI16CS027,5.57,48,44,51,55,43,48,96,77
 K ARJUN REDDY,1VI16CS028,3.93,46,42,31,48,40,26,88,96
 K LAVANYA,1VI16CS029,5.64,44,49,57,57,50,41,75,89
 K SONIYAREDDY,1VI16CS030,6.93,73,63,51,54,56,64,95,69
 KALLURU VISWANATHA REDDY,1VI16CS031,5.86,43,50,66,51,41,46,90,74
 KAMAL K,1VI16CS032,7.14,70,68,72,45,52,60,100,79
 KAVYA T U,1VI16CS033,7.36,72,63,61,71,66,57,99,62
 KEERTHANA E,1VI16CS034,6.71,52,68,55,45,51,61,97,94
 LAVANYA S KATAGERI,1VI16CS036,7.86,79,74,77,61,62,69,99,94
 LIKHITHA M REDDY,1VI16CS037,6.5,41,52,75,56,55,63,95,63
 LIKHITHA REDDY H C,1VI16CS038,5.79,43,58,41,52,49,50,98,82
 LIKITHA K,1VI16CS039,8.0,88,78,51,69,64,83,97,96
 M N MANASA,1VI16CS040,5.71,46,53,51,42,46,57,87,68
 M RANJITH KUMAR,1VI16CS041,8.29,93,85,79,66,57,77,100,97
 MADHAVA M,1VI16CS042,6.21,61,53,49,42,49,61,95,87
 MAHESH A,1VI16CS043,5.71,54,62,46,48,41,40,84,88
 MANASA C R,1VI16CS044,8.14,64,73,76,80,71,75,94,74
 MEENAKSHI S,1VI16CS048,8.71,92,83,70,67,79,81,100,96
 MEENAKSNI N,1VI16CS049,6.86,62,60,67,55,59,66,96,59
 MIRZA MEESAM ABBAS,1VI16CS050,2.86,40,36,32,22,40,44,92,52
 MOHAMMED MOHSIN SAIT,1VI16CS051,3.43,42,41,45,40,33,27,65,67
 MOHAMMED SUHAIL SONU,1VI16CS052,4.36,35,45,55,45,36,45,92,83
 MOHAMMED YOUSUF,1VI16CS053,6.07,68,42,56,51,54,60,62,57
 MS SABA PARVEEN TAJ,1VI16CS054,5.36,56,49,48,41,46,42,97,65
 NAGASHREE K N,1VI16CS055,7.43,76,61,64,66,60,59,99,90
 NAGMA SULTANA,1VI16CS056,8.07,78,84,63,70,62,73,99,88
 NAVYA D,1VI16CS058,3.71,49,45,39,40,37,43,95,58
 P L RACHANA SHARMA,1VI16CS060,6.07,40,48,60,55,48,53,97,85
 P VANDANA,1VI16CS061,1.79,29,34,41,35,25,33,63,90
 PALAMPALLI BHARATH KUMAR REDDY,1VI16CS062,4.21,40,45,41,34,42,40,92,63
 PAVAN KUMAR NN,1VI16CS063,6.64,55,65,48,74,57,58,96,66
 POORNIMA N,1VI16CS065,7.29,75,78,64,56,59,55,98,97
 PREETHI S,1VI16CS067,6.71,68,61,65,49,58,48,98,93
 PRIYA S,1VI16CS068,8.71,96,74,71,77,74,83,100,97
 PRIYANKA CHAURASIYA,1VI16CS069,6.93,60,54,52,50,68,68,99,85
 PRIYANKA TAKESHWAR PATGAR,1VI16CS070,8.36,98,72,76,58,74,84,100,82
 PUNITH REDDY B,1VI16CS072,6.07,52,57,42,52,48,55,96,84
 R G VIDYA,1VI16CS073,5.93,68,50,40,42,49,60,100,66
 RAHUL S,1VI16CS074,6.57,51,63,66,58,49,50,97,73
 RAJASHREE S,1VI16CS075,6.57,50,56,48,53,63,62,97,76
 RANJITA BIRADAR,1VI16CS078,7.07,67,59,64,51,64,62,98,82
 RANJITHA  N,1VI16CS079,5.5,40,54,51,50,40,40,98,68
 ROHINI L,1VI16CS080,7.43,66,63,71,57,62,70,99,76
 RUPESH M,1VI16CS081,3.14,45,45,30,43,26,29,94,59
 S P YASHAS REDDY,1VI16CS082,8.57,90,78,78,69,90,64,95,95
 S PAVITHRA,1VI16CS083,5.43,53,45,54,37,59,55,89,84
 S VARSHA,1VI16CS084,7.21,50,73,55,56,74,63,95,81
 SADANA VEERESH PATIL,1VI16CS085,2.86,43,17,38,44,43,27,94,55
 SAI PRASHANTH S,1VI16CS086,7.93,72,89,64,69,62,70,95,88
 SALONI MONA M,1VI16CS087,4.71,45,32,63,43,47,47,47,83
 SAMEER ANANTH SRIRAM,1VI16CS088,6.64,62,49,52,57,64,52,80,98
 SAMIKSHA REDDY B N,1VI16CS089,7.14,51,53,73,60,58,63,99,96
 SANNIDHI A,1VI16CS091,9.29,90,97,71,73,82,94,100,100
 SARANYA M,1VI16CS092,6.86,63,57,56,54,55,65,99,93
 SARANYA N,1VI16CS093,6.57,54,61,65,43,68,48,95,90
 SHALINI R C,1VI16CS094,7.29,82,53,68,59,73,59,97,71
 SHILPASHREE H S,1VI16CS095,8.57,85,88,70,62,75,84,100,100
 SINDURA P,1VI16CS097,7.29,76,62,61,54,61,60,97,73
 SMRUTHI A B,1VI16CS098,4.43,50,57,45,44,40,28,68,46
 SNEHA M,1VI16CS099,4.57,29,66,47,62,41,31,93,78
 SOWMYA HC,1VI16CS100,3.57,45,48,40,35,25,42,87,45
 SREEKANTH MS,1VI16CS101,6.36,66,55,42,60,68,49,93,65
 SRIDHAR H A,1VI16CS102,9.0,99,91,73,80,73,72,97,95
 SUCHITHRA N,1VI16CS103,5.29,50,75,36,64,43,43,92,54
 SUPRITHA G,1VI16CS105,3.0,31,42,32,46,27,41,69,80
 SWAROOPA K B,1VI16CS107,7.71,92,75,70,65,58,50,100,71
 SYED MUSTAQ AHAMED,1VI16CS108,3.14,37,40,47,41,28,40,47,48
 TAZNAIN FATHIMA,1VI16CS109,5.64,64,46,59,41,54,44,68,72
 VAISHNAVI URKADE,1VI16CS110,8.0,84,80,61,47,60,89,98,92
 VANDANA N,1VI16CS111,6.71,56,64,63,49,51,53,98,91
 VANGUMALLA NIKHIL REDDY,1VI16CS112,6.71,64,60,45,59,57,69,98,71
 VARDHINI G C,1VI16CS113,7.57,87,63,76,54,58,63,98,90
 VENKATESH R,1VI16CS114,6.43,48,59,69,47,56,51,99,93
 VISHNU BHARGAV  J R,1VI16CS116,5.57,70,59,52,26,57,42,88,88
 YESHWANTH S,1VI16CS119,3.64,61,44,45,27,34,38,80,93
 YUKTHA D,1VI16CS120,8.57,85,91,76,50,82,77,100,97
 S NITHIN BABU NAIDU,1VI16CS121,6.36,65,48,59,40,60,56,89,92
 KARTHIK NATARAJAN,1VI16CS122,6.57,45,65,61,55,51,56,98,76
