1KS,1KS17CS001,8.17,86,84,59,75,67,95,94,0
1KS,1KS17CS002,7.67,72,68,58,68,74,92,98,0
1KS,1KS17CS003,8.83,93,91,69,70,73,91,93,0
1KS,1KS17CS004,7.67,80,76,59,75,48,95,91,0
1KS,1KS17CS005,7.58,80,66,51,72,52,95,87,0
1KS,1KS17CS006,8.83,82,84,77,79,85,97,96,0
1KS,1KS17CS007,8.17,63,80,63,80,67,94,93,0
1KS,1KS17CS009,3.42,34,42,38,65,35,95,82,0
1KS,1KS17CS010,8.83,95,86,71,81,68,92,99,0
1KS,1KS17CS011,8.5,100,79,71,61,73,95,95,0
1KS,1KS17CS012,5.67,85,52,41,58,35,90,75,0
1KS,1KS17CS013,7.17,77,65,57,60,52,89,82,0
1KS,1KS17CS014,8.83,77,93,79,85,79,96,97,0
1KS,1KS17CS015,8.5,73,86,74,79,76,93,91,0
1KS,1KS17CS016,8.5,75,87,72,75,71,91,94,0
1KS,1KS17CS017,8.5,96,75,76,79,69,94,93,0
1KS,1KS17CS018,9.5,100,100,88,80,84,95,96,0
1KS,1KS17CS019,7.0,60,57,48,82,55,93,78,0
1KS,1KS17CS020,5.75,49,59,42,63,42,89,77,0
1KS,1KS17CS021,9.0,85,74,75,82,91,95,96,0
1KS,1KS17CS022,7.83,77,80,63,69,55,96,94,0
1KS,1KS17CS023,8.75,99,88,81,79,68,97,89,0
1KS,1KS17CS024,7.5,73,68,46,71,61,90,92,0
1KS,1KS17CS026,7.92,71,82,52,76,63,92,81,0
1KS,1KS17CS027,7.67,64,70,60,72,65,94,79,0
1KS,1KS17CS028,4.0,44,45,32,51,29,93,73,0
1KS,1KS17CS029,8.42,88,80,72,72,69,95,83,0
1KS,1KS17CS030,9.17,97,86,87,72,88,96,94,0
1KS,1KS17CS031,1.5,30,32,25,35,20,96,74,0
1KS,1KS17CS032,6.75,53,56,49,62,60,90,81,0
1KS,1KS17CS033,7.67,68,79,68,74,59,92,90,0
1KS,1KS17CS034,7.42,66,63,52,70,65,90,85,0
1KS,1KS17CS035,7.75,66,81,52,76,67,90,88,0
1KS,1KS17CS036,7.33,65,68,60,79,54,93,76,0
1KS,1KS17CS037,7.83,89,62,60,70,63,88,86,0
1KS,1KS17CS038,5.58,56,55,42,76,38,91,82,0
1KS,1KS17CS039,4.92,58,37,47,48,42,92,81,0
1KS,1KS17CS040,9.0,88,81,83,80,79,93,97,0
1KS,1KS17CS041,8.5,89,84,66,75,71,90,100,0
1KS,1KS17CS042,8.67,98,82,69,85,71,78,97,0
1KS,1KS17CS043,9.17,97,88,80,77,82,97,100,0
1KS,1KS17CS044,8.67,90,85,67,86,72,75,95,0
1KS,1KS17CS045,8.25,78,82,78,70,66,87,96,0
1KS,1KS17CS046,7.25,79,74,47,73,56,79,89,0
1KS,1KS17CS047,7.83,73,73,60,68,62,92,91,0
1KS,1KS17CS048,8.75,92,83,76,84,67,86,93,0
1KS,1KS17CS049,8.0,90,69,72,74,56,80,81,0
1KS,1KS17CS050,9.0,93,80,75,82,76,96,94,0
1KS,1KS17CS051,8.17,77,81,61,74,67,91,93,0
1KS,1KS17CS052,8.83,87,88,83,75,77,91,98,0
1KS,1KS17CS053,8.58,85,84,70,80,68,90,85,0
1KS,1KS17CS054,6.33,55,46,48,77,45,91,77,0
1KS,1KS17CS055,9.17,93,82,80,73,82,92,99,0
1KS,1KS17CS056,8.17,93,73,57,79,64,93,96,0
1KS,1KS17CS057,8.08,86,70,67,73,72,89,79,0
1KS,1KS17CS058,8.17,91,71,69,72,66,88,84,0
1KS,1KS17CS059,6.83,60,68,53,67,47,88,81,0
1KS,1KS17CS060,7.17,75,65,53,66,55,83,83,0
1KS,1KS17CS061,7.58,85,67,69,69,52,85,92,0
1KS,1KS17CS062,3.5,59,32,39,60,35,86,66,0
1KS,1KS17CS063,6.75,71,54,56,73,42,87,79,0
1KS,1KS17CS064,8.42,93,78,67,82,64,89,97,0
1KS,1KS17CS065,8.08,74,71,75,73,60,84,90,0
1KS,1KS17CS066,8.92,80,84,87,82,78,86,96,0
1KS,1KS17CS067,7.75,87,86,57,69,56,88,90,0
1KS,1KS17CS068,4.0,37,32,41,49,51,88,82,0
1KS,1KS17CS069,8.67,91,82,72,64,70,90,97,0
1KS,1KS17CS070,8.58,87,89,71,79,79,87,94,0
1KS,1KS17CS071,8.83,96,79,84,78,78,90,94,0
1KS,1KS17CS072,8.0,86,72,62,65,73,88,88,0
1KS,1KS17CS073,4.58,61,37,48,64,36,75,81,0
1KS,1KS17CS074,4.5,54,51,38,55,38,85,82,0
1KS,1KS17CS075,9.17,71,90,78,91,83,90,97,0
1KS,1KS17CS076,3.83,43,44,37,65,38,89,68,0
1KS,1KS17CS077,7.67,64,57,62,92,55,90,97,0
1KS,1KS17CS078,8.17,82,81,51,84,69,84,84,0
1KS,1KS17CS079,9.0,91,80,76,73,80,90,93,0
1KS,1KS17CS080,7.58,72,63,72,75,45,90,81,0
1KS,1KS17CS081,9.0,88,82,75,88,81,95,94,0
1KS,1KS17CS082,6.17,57,59,46,67,42,87,86,0
1KS,1KS17CS083,9.08,88,89,80,84,89,87,98,0
1KS,1KS17CS084,8.75,97,77,82,77,70,94,89,0
1KS,1KS17CS085,7.5,73,77,53,78,59,86,88,0
1KS,1KS17CS086,8.42,76,84,66,72,80,89,94,0
1KS,1KS17CS087,7.83,88,73,63,77,57,89,88,0
1KS,1KS17CS088,7.25,72,63,46,72,55,92,87,0
1KS,1KS17CS089,9.83,94,91,87,94,91,94,98,0
1KS,1KS17CS090,9.5,97,80,86,95,86,96,98,0
1KS,1KS17CS091,7.08,78,54,53,63,51,93,86,0
1KS,1KS17CS092,8.75,97,78,80,83,69,93,88,0
1KS,1KS17CS093,8.67,93,76,78,74,73,94,99,0
1KS,1KS17CS094,4.42,41,40,42,56,37,83,76,0
1KS,1KS17CS095,8.42,82,70,64,80,76,89,95,0
1KS,1KS17CS096,8.33,74,77,72,78,76,93,93,0
1KS,1KS17CS097,6.5,59,58,55,77,42,91,74,0
1KS,1KS17CS098,7.75,87,69,52,64,76,92,80,0
1KS,1KS17CS099,7.33,80,67,59,63,58,91,77,0
1KS,1KS17CS100,9.33,96,84,82,83,84,93,95,0
1KS,1KS17CS101,8.33,89,78,78,75,67,92,97,0
1KS,1KS17CS008,8.83,91,82,71,74,70,90,93,0